0 0 0 0 0 0 0 0 0 0 0 0 0 0 0 0.0110136 0.0801211 0.13561 0.168945 0.179619 0.168851 0.135449 0.0800556 0.0110107 0 0 0 0 0 0 0 0 0 0 0 0 0 0 0 0 0 0 0 0 0 0 0 0 0 0 0 0 0 0 0 0.00113352 0.00823237 0.0137164 0.0166755 0.0175512 0.0166774 0.0137155 0.0082301 0.00113307 0 0 0 0 0 0 0 0 0 0 0 0.00118775 0.00925968 0.0172071 0.022715 0.0246392 0.022698 0.0172023 0.00926968 0.00117685 0 0 0 0 0 0 0 0 0 0 0 0 0 0 0 0 
0 0 0 0 0 0 0 0 0 0 0 0 0 0 0 0.0120436 0.0867369 0.144259 0.177322 0.187656 0.177231 0.144098 0.0866674 0.0120404 0 0 0 0 0 0 0 0 0 0 0 0 0 0 0 0 0 0 0 0 0 0 0 0 0 0 0 0 0 0 0 0.000513432 0.00382592 0.00688434 0.00896606 0.00967187 0.00896753 0.00688375 0.00382479 0.000513229 0 0 0 0 0 0 0 0 0 0 0 0.000576566 0.00447606 0.00876909 0.0122961 0.0136438 0.0122845 0.00876626 0.00448101 0.000571282 0 0 0 0 0 0 0 0 0 0 0 0 0 0 0 0 
0 0 0 0 0 0 0 0 0 0 0 0 0 0 0 0.0131522 0.0931356 0.15104 0.182417 0.191919 0.182332 0.150883 0.0930633 0.0131487 0 0 0 0 0 0 0 0 0 0 0 0 0 0 0 0 0 0 0 0 0 0 0 0 0 0 0 0 0 0 0 -0.000267186 -0.00158076 -0.00129729 -0.000176777 0.000348259 -0.000175756 -0.00129751 -0.00158055 -0.000267081 0 0 0 0 0 0 0 0 0 0 0 -0.000216512 -0.00153794 -0.00156249 -0.000344597 0.000328146 -0.000349986 -0.00156308 -0.00153907 -0.000214525 0 0 0 0 0 0 0 0 0 0 0 0 0 0 0 0 
0 0 0 0 0 0 0 0 0 0 0 0 0 0 0 0.0143541 0.0994248 0.156224 0.184699 0.192961 0.184625 0.156077 0.0993509 0.0143503 0 0 0 0 0 0 0 0 0 0 0 0 0 0 0 0 0 0 0 0 0 0 0 0 0 0 0 0 0 0 0 -0.00126634 -0.00826718 -0.0110727 -0.0109441 -0.0105949 -0.0109435 -0.0110725 -0.00826541 -0.00126584 0 0 0 0 0 0 0 0 0 0 0 -0.00122324 -0.00881631 -0.013509 -0.0146815 -0.0147013 -0.0146805 -0.0135073 -0.00882429 -0.00121205 0 0 0 0 0 0 0 0 0 0 0 0 0 0 0 0 
0 0 0 0 0 0 0 0 0 0 0 0 0 0 0 0.0156647 0.105764 0.160236 0.184854 0.191565 0.184792 0.160104 0.105689 0.0156606 0 0 0 0 0 0 0 0 0 0 0 0 0 0 0 0 0 0 0 0 0 0 0 0 0 0 0 0 0 0 0 -0.00251092 -0.0162498 -0.0221855 -0.0228831 -0.0226451 -0.0228828 -0.0221849 -0.0162463 -0.00250993 0 0 0 0 0 0 0 0 0 0 0 -0.00251677 -0.0177024 -0.0273223 -0.0308401 -0.0315245 -0.0308328 -0.0273182 -0.017718 -0.00249377 0 0 0 0 0 0 0 0 0 0 0 0 0 0 0 0 
0 0 0 0 0 0 0 0 0 0 0 0 0 0 0 0.0171428 0.112678 0.164177 0.184397 0.18939 0.18435 0.164062 0.112603 0.0171383 0 0 0 0 0 0 0 0 0 0 0 0 0 0 0 0 0 0 0 0 0 0 0 0 0 0 0 0 0 0 0 -0.00407503 -0.0259252 -0.0350739 -0.0364166 -0.036219 -0.0364165 -0.0350731 -0.0259198 -0.00407343 0 0 0 0 0 0 0 0 0 0 0 -0.00413243 -0.0282778 -0.0428532 -0.0484893 -0.0497521 -0.0484766 -0.042847 -0.0283017 -0.00409473 0 0 0 0 0 0 0 0 0 0 0 0 0 0 0 0 
0 0 0 0 0 0 0 0 0 0 0 0 0 0 0 0.0187602 0.120117 0.168285 0.183863 0.187078 0.183831 0.168188 0.120042 0.0187553 0 0 0 0 0 0 0 0 0 0 0 0 0 0 0 0 0 0 0 0 0 0 0 0 0 0 0 0 0 0 0 -0.00592238 -0.0369626 -0.0491089 -0.0507653 -0.0504981 -0.0507651 -0.0491078 -0.0369553 -0.00592005 0 0 0 0 0 0 0 0 0 0 0 -0.00607566 -0.0404822 -0.0598526 -0.0672578 -0.068976 -0.0672408 -0.0598445 -0.0405148 -0.00602031 0 0 0 0 0 0 0 0 0 0 0 0 0 0 0 0 
0 0 0 0 0 0 0 0 0 0 0 0 0 0 0 0.0204148 0.127615 0.172313 0.183294 0.184782 0.183277 0.172234 0.12754 0.0204094 0 0 0 0 0 0 0 0 0 0 0 0 0 0 0 0 0 0 0 0 0 0 0 0 0 0 0 0 0 0 0 -0.00798491 -0.0489538 -0.0637908 -0.0654517 -0.065022 -0.0654512 -0.0637896 -0.0489445 -0.00798178 0 0 0 0 0 0 0 0 0 0 0 -0.00822718 -0.0535143 -0.0771252 -0.0857927 -0.0878038 -0.0857728 -0.0771156 -0.0535554 -0.00815231 0 0 0 0 0 0 0 0 0 0 0 0 0 0 0 0 
0 0 0 0 0 0 0 0 0 0 0 0 0 0 0 0.0131775 0.0814646 0.108216 0.113839 0.114338 0.113832 0.108172 0.0814179 0.013174 0 0 0 0 0 0 0 0 0 0 0 0 0 0 0 0 0 0 0 0 0 0 0 0 0 0 0 0 0 0 0 -0.0054653 -0.0332095 -0.042812 -0.0436984 -0.0433552 -0.043698 -0.0428113 -0.0332033 -0.00546315 0 0 0 0 0 0 0 0 0 0 0 -0.00564616 -0.0363061 -0.0516302 -0.0570718 -0.058317 -0.0570595 -0.0516241 -0.0363334 -0.0055948 0 0 0 0 0 0 0 0 0 0 0 0 0 0 0 0 
0 0 0 0 0 0 0 0 0 0 0 0 0 0 0 0.0025981 0.015984 0.0211002 0.0221211 0.022197 0.0221199 0.0210921 0.0159749 0.00259742 0 0 0 0 0 0 0 0 0 0 0 0 0 0 0 0 0 0 0 0 0 0 0 0 0 0 0 0 0 0 0 -0.00107612 -0.00651035 -0.00834492 -0.00849043 -0.00841593 -0.00849033 -0.00834478 -0.00650915 -0.0010757 0 0 0 0 0 0 0 0 0 0 0 -0.00111454 -0.00712808 -0.010069 -0.011091 -0.0113217 -0.0110887 -0.0100679 -0.00713337 -0.0011044 0 0 0 0 0 0 0 0 0 0 0 0 0 0 0 0 
0 0 0 0 0 0 0 0 0 0 0 0 0 0 0 0 0 0 0 0 0 0 0 0 0 0 0 0 0 0 0 0 0 0 0 0 0 0 0 0 0 0 0 0 0 0 0 0 0 0 0 0 0 0 0 0 0 0 0 0 0 0 0 0 0 0 0 0 0 0 0 0 0 0 0 0 0 0 0 0 0 0 0 0 0 0 0 0 0 0 0 0 0 0 0 0 0 0 0 0 
0 0 0 0 0 0 0 0 0 0 0 0 0 0 0 0 0 0 0 0 0 0 0 0 0 0 0 0 0 0 0 0 0 0 0 0 0 0 0 0 0 0 0 0 0 0 0 0 0 0 0 0 0 0 0 0 0 0 0 0 0 0 0 0 0 0 0 0 0 0 0 0 0 0 0 0 0 0 0 0 0 0 0 0 0 0 0 0 0 0 0 0 0 0 0 0 0 0 0 0 
0 0 0 0 0 0 0 0 0 0 0 0 0 0 0 0 0 0 0 0 0 0 0 0 0 0 0 0 0 0 0 0 0 0 0 0 0 0 0 0 0 0 0 0 0 0 0 0 0 0 0 0 0 0 0 0 0 0 0 0 0 0 0 0 0 0 0 0 0 0 0 0 0 0 0 0 0 0 0 0 0 0 0 0 0 0 0 0 0 0 0 0 0 0 0 0 0 0 0 0 
0 0 0 0 0 0 0 0 0 0 0 0 0 0 0 0 0 0 0 0 0 0 0 0 0 0 0 0 0 0 0 0 0 0 0 0 0 0 0 0 0 0 0 0 0 0 0 0 0 0 0 0 0 0 0 0 0 0 0 0 0 0 0 0 0 0 0 0 0 0 0 0 0 0 0 0 0 0 0 0 0 0 0 0 0 0 0 0 0 0 0 0 0 0 0 0 0 0 0 0 
0 0 0 0 0 0 0 0 0 0 0 0 0 0 0 0 0 0 0 0 0 0 0 0 0 0 0 0 0 0 0 0 0 0 0 0 0 0 0 0 0 0 0 0 0 0 0 0 0 0 0 0 0 0 0 0 0 0 0 0 0 0 0 0 0 0 0 0 0 0 0 0 0 0 0 0 0 0 0 0 0 0 0 0 0 0 0 0 0 0 0 0 0 0 0 0 0 0 0 0 
0 0 0 0 0 0 0 0 0 0 0 0 0 0 0 0 0 0 0 0 0 0 0 0 0 0 0 0 0 0 0 0 0 0 0 0 0 0 0 0 0 0 0 0 0 0 0 0 0 0 0 0 0 0 0 0 0 0 0 0 0 0 0 0 0 0 0 0 0 0 0 0 0 0 0 0 0 0 0 0 0 0 0 0 0 0 0 0 0 0 0 0 0 0 0 0 0 0 0 0 
0 0 0 0 0 0 0 0 0 0 0 0 0 0 0 0 0 0 0 0 0 0 0 0 0 0 0 0 0 0 0 0 0 0 0 0 0 0 0 0 0 0 0 0 0 0 0 0 0 0 0 0 0 0 0 0 0 0 0 0 0 0 0 0 0 0 0 0 0 0 0 0 0 0 0 0 0 0 0 0 0 0 0 0 0 0 0 0 0 0 0 0 0 0 0 0 0 0 0 0 
0 0 0 0 0 0 0 0 0 0 0 0 0 0 0 0 0 0 0 0 0 0 0 0 0 0 0 0 0 0 0 0 0 0 0 0 0 0 0 0 0 0 0 0 0 0 0 0 0 0 0 0 0 0 0 0 0 0 0 0 0 0 0 0 0 0 0 0 0 0 0 0 0 0 0 0 0 0 0 0 0 0 0 0 0 0 0 0 0 0 0 0 0 0 0 0 0 0 0 0 
0 0 0 0 0 0 0 0 0 0 0 0 0 0 0 0 0 0 0 0 0 0 0 0 0 0 0 0 0 0 0 0 0 0 0 0 0 0 0 0 0 0 0 0 0 0 0 0 0 0 0 0 0 0 0 0 0 0 0 0 0 0 0 0 0 0 0 0 0 0 0 0 0 0 0 0 0 0 0 0 0 0 0 0 0 0 0 0 0 0 0 0 0 0 0 0 0 0 0 0 
0 0 0 0 0 0 0 0 0 0 0 0 0 0 0 0 0 0 0 0 0 0 0 0 0 0 0 0 0 0 0 0 0 0 0 0 0 0 0 0 0 0 0 0 0 0 0 0 0 0 0 0 0 0 0 0 0 0 0 0 0 0 0 0 0 0 0 0 0 0 0 0 0 0 0 0 0 0 0 0 0 0 0 0 0 0 0 0 0 0 0 0 0 0 0 0 0 0 0 0 
0 0 0 0 0 0 0 0 0 0 0 0 0 0 0 0 0 0 0 0 0 0 0 0 0 0 0 0 0 0 0 0 0 0 0 0 0 0 0 0 0 0 0 0 0 0 0 0 0 0 0 0 0 0 0 0 0 0 0 0 0 0 0 0 0 0 0 0 0 0 0 0 0 0 0 0 0 0 0 0 0 0 0 0 0 0 0 0 0 0 0 0 0 0 0 0 0 0 0 0 
0 0 0 0 0 0 0 0 0 0 0 0 0 0 0 0 0 0 0 0 0 0 0 0 0 0 0 0 0 0 0 0 0 0 0 0 0 0 0 0 0 0 0 0 0 0 0 0 0 0 0 0 0 0 0 0 0 0 0 0 0 0 0 0 0 0 0 0 0 0 0 0 0 0 0 0 0 0 0 0 0 0 0 0 0 0 0 0 0 0 0 0 0 0 0 0 0 0 0 0 
0 0 0 0 0 0 0 0 0 0 0 0 0 0 0 0 0 0 0 0 0 0 0 0 0 0 0 0 0 0 0 0 0 0 0 0 0 0 0 0 0 0 0 0 0 0 0 0 0 0 0 0 0 0 0 0 0 0 0 0 0 0 0 0 0 0 0 0 0 0 0 0 0 0 0 0 0 0 0 0 0 0 0 0 0 0 0 0 0 0 0 0 0 0 0 0 0 0 0 0 
0 0 0 0 0 0 0 0 0 0 0 0 0 0 0 0 0 0 0 0 0 0 0 0 0 0 0 0 0 0 0 0 0 0 0 0 0 0 0 0 0 0 0 0 0 0 0 0 0 0 0 0 0 0 0 0 0 0 0 0 0 0 0 0 0 0 0 0 0 0 0 0 0 0 0 0 0 0 0 0 0 0 0 0 0 0 0 0 0 0 0 0 0 0 0 0 0 0 0 0 
0 0 0 0 0 0 0 0 0 0 0 0 0 0 0 0 0 0 0 0 0 0 0 0 0 0 0 0 0 0 0 0 0 0 0 0 0 0 0 0 0 0 0 0 0 0 0 0 0 0 0 0 0 0 0 0 0 0 0 0 0 0 0 0 0 0 0 0 0 0 0 0 0 0 0 0 0 0 0 0 0 0 0 0 0 0 0 0 0 0 0 0 0 0 0 0 0 0 0 0 
0 0 0 0 0 0 0 0 0 0 0 0 0 0 0 0 0 0 0 0 0 0 0 0 0 0 0 0 0 0 0 0 0 0 0 0 0 0 0 0 0 0 0 0 0 0 0 0 0 0 0 0 0 0 0 0 0 0 0 0 0 0 0 0 0 0 0 0 0 0 0 0 0 0 0 0 0 0 0 0 0 0 0 0 0 0 0 0 0 0 0 0 0 0 0 0 0 0 0 0 
0 0 0 0 0 0 0 0 0 0 0 0 0 0 0 0 0 0 0 0 0 0 0 0 0 0 0 0 0 0 0 0 0 0 0 0 0 0 0 0 0 0 0 0 0 0 0 0 0 0 0 0 0 0 0 0 0 0 0 0 0 0 0 0 0 0 0 0 0 0 0 0 0 0 0 0 0 0 0 0 0 0 0 0 0 0 0 0 0 0 0 0 0 0 0 0 0 0 0 0 
0 0 0 0 0 0 0 0 0 0 0 0 0 0 0 0 0 0 0 0 0 0 0 0 0 0 0 0 0 0 0 0 0 0 0 0 0 0 0 0 0 0 0 0 0 0 0 0 0 0 0 0 0 0 0 0 0 0 0 0 0 0 0 0 0 0 0 0 0 0 0 0 0 0 0 0 0 0 0 0 0 0 0 0 0 0 0 0 0 0 0 0 0 0 0 0 0 0 0 0 
0 0 0 0 0 0 0 0 0 0 0 0 0 0 0 0 0 0 0 0 0 0 0 0 0 0 0 0 0 0 0 0 0 0 0 0 0 0 0 0 0 0 0 0 0 0 0 0 0 0 0 0 0 0 0 0 0 0 0 0 0 0 0 0 0 0 0 0 0 0 0 0 0 0 0 0 0 0 0 0 0 0 0 0 0 0 0 0 0 0 0 0 0 0 0 0 0 0 0 0 
0 0 0 0 0 0 0 0 0 0 0 0 0 0 0 0 0 0 0 0 0 0 0 0 0 0 0 0 0 0 0 0 0 0 0 0 0 0 0 0 0 0 0 0 0 0 0 0 0 0 0 0 0 0 0 0 0 0 0 0 0 0 0 0 0 0 0 0 0 0 0 0 0 0 0 0 0 0 0 0 0 0 0 0 0 0 0 0 0 0 0 0 0 0 0 0 0 0 0 0 
0 0 0 0 0 0 0 0 0 0 0 0 0 0 0 0 0 0 0 0 0 0 0 0 0 0 0 0 0 0 0 0 0 0 0 0 0 0 0 0 0 0 0 0 0 0 0 0 0 0 0 0 0 0 0 0 0 0 0 0 0 0 0 0 0 0 0 0 0 0 0 0 0 0 0 0 0 0 0 0 0 0 0 0 0 0 0 0 0 0 0 0 0 0 0 0 0 0 0 0 
0 0 0 0 0 0 0 0 0 0 0 0 0 0 0 0 0 0 0 0 0 0 0 0 0 0 0 0 0 0 0 0 0 0 0 0 0 0 0 0 0 0 0 0 0 0 0 0 0 0 0 0 0 0 0 0 0 0 0 0 0 0 0 0 0 0 0 0 0 0 0 0 0 0 0 0 0 0 0 0 0 0 0 0 0 0 0 0 0 0 0 0 0 0 0 0 0 0 0 0 
0 0 0 0 0 0 0 0 0 0 0 0 0 0 0 0 0 0 0 0 0 0 0 0 0 0 0 0 0 0 0 0 0 0 0 0 0 0 0 0 0 0 0 0 0 0 0 0 0 0 0 0 0 0 0 0 0 0 0 0 0 0 0 0 0 0 0 0 0 0 0 0 0 0 0 0 0 0 0 0 0 0 0 0 0 0 0 0 0 0 0 0 0 0 0 0 0 0 0 0 
0 0 0 0 0 0 0 0 0 0 0 0 0 0 0 0 0 0 0 0 0 0 0 0 0 0 0 0 0 0 0 0 0 0 0 0 0 0 0 0 0 0 0 0 0 0 0 0 0 0 0 0 0 0 0 0 0 0 0 0 0 0 0 0 0 0 0 0 0 0 0 0 0 0 0 0 0 0 0 0 0 0 0 0 0 0 0 0 0 0 0 0 0 0 0 0 0 0 0 0 
0 0 0 0 0 0 0 0 0 0 0 0 0 0 0 0 0 0 0 0 0 0 0 0 0 0 0 0 0 0 0 0 0 0 0 0 0 0 0 0 0 0 0 0 0 0 0 0 0 0 0 0 0 0 0 0 0 0 0 0 0 0 0 0 0 0 0 0 0 0 0 0 0 0 0 0 0 0 0 0 0 0 0 0 0 0 0 0 0 0 0 0 0 0 0 0 0 0 0 0 
0 0 0 0 0 0 0 0 0 0 0 0 0 0 0 -0.00487773 -0.0308311 -0.0421542 -0.0449802 -0.0453213 -0.044976 -0.0421339 -0.0308125 -0.00487645 0 0 0 0 0 0 0 0 0 0 0 0 0 0 0 0 0 0 0 0 0 0 0 0 0 0 0 0 0 0 0 0.00556016 0.035919 0.0516442 0.0576382 0.0590956 0.0576415 0.0516421 0.0359111 0.00555798 0 0 0 0 0 0 0 0 0 0 0 -0.000249206 -0.00185048 -0.00315652 -0.003863 -0.0040664 -0.00386109 -0.00315584 -0.00185231 -0.000246924 0 0 0 0 0 0 0 0 0 0 0 0 0 0 0 0 
0 0 0 0 0 0 0 0 0 0 0 0 0 0 0 -0.0105579 -0.0672182 -0.0927227 -0.0993975 -0.100279 -0.0993872 -0.0926757 -0.0671768 -0.0105551 0 0 0 0 0 0 0 0 0 0 0 0 0 0 0 0 0 0 0 0 0 0 0 0 0 0 0 0 0 0 0 0.0120292 0.0782901 0.113585 0.127363 0.130753 0.12737 0.11358 0.0782726 0.0120245 0 0 0 0 0 0 0 0 0 0 0 -0.000533856 -0.0040152 -0.00693484 -0.00853338 -0.00899556 -0.00852907 -0.0069333 -0.00401925 -0.000528965 0 0 0 0 0 0 0 0 0 0 0 0 0 0 0 0 
0 0 0 0 0 0 0 0 0 0 0 0 0 0 0 -0.015698 -0.100653 -0.140038 -0.150786 -0.152307 -0.150768 -0.139963 -0.10059 -0.0156939 0 0 0 0 0 0 0 0 0 0 0 0 0 0 0 0 0 0 0 0 0 0 0 0 0 0 0 0 0 0 0 0.0178774 0.117203 0.171527 0.193199 0.19859 0.193211 0.17152 0.117176 0.0178703 0 0 0 0 0 0 0 0 0 0 0 -0.000785713 -0.00598468 -0.0104618 -0.0129407 -0.0136602 -0.012934 -0.0104594 -0.00599082 -0.00077851 0 0 0 0 0 0 0 0 0 0 0 0 0 0 0 0 
0 0 0 0 0 0 0 0 0 0 0 0 0 0 0 -0.0199503 -0.128725 -0.180449 -0.195052 -0.197229 -0.195028 -0.18035 -0.128643 -0.0199451 0 0 0 0 0 0 0 0 0 0 0 0 0 0 0 0 0 0 0 0 0 0 0 0 0 0 0 0 0 0 0 0.0227107 0.149858 0.221006 0.249906 0.257159 0.249923 0.220996 0.149823 0.0227017 0 0 0 0 0 0 0 0 0 0 0 -0.000989466 -0.0076228 -0.0134677 -0.0167349 -0.0176864 -0.016726 -0.0134645 -0.00763074 -0.00098039 0 0 0 0 0 0 0 0 0 0 0 0 0 0 0 0 
0 0 0 0 0 0 0 0 0 0 0 0 0 0 0 -0.0230922 -0.149737 -0.211138 -0.228909 -0.231654 -0.228879 -0.211018 -0.149641 -0.0230862 0 0 0 0 0 0 0 0 0 0 0 0 0 0 0 0 0 0 0 0 0 0 0 0 0 0 0 0 0 0 0 0.026279 0.17429 0.258575 0.293275 0.30204 0.293295 0.258563 0.174249 0.0262686 0 0 0 0 0 0 0 0 0 0 0 -0.00113706 -0.00883907 -0.0157463 -0.0196353 -0.0207708 -0.0196247 -0.0157426 -0.0088484 -0.00112662 0 0 0 0 0 0 0 0 0 0 0 0 0 0 0 0 
0 0 0 0 0 0 0 0 0 0 0 0 0 0 0 -0.0250132 -0.162706 -0.230281 -0.250136 -0.253266 -0.250102 -0.230148 -0.162601 -0.0250066 0 0 0 0 0 0 0 0 0 0 0 0 0 0 0 0 0 0 0 0 0 0 0 0 0 0 0 0 0 0 0 0.0284592 0.189365 0.282007 0.320465 0.330216 0.320486 0.281994 0.189321 0.028448 0 0 0 0 0 0 0 0 0 0 0 -0.00122595 -0.00958541 -0.0171659 -0.0214531 -0.0227068 -0.0214414 -0.0171618 -0.00959561 -0.0012147 0 0 0 0 0 0 0 0 0 0 0 0 0 0 0 0 
0 0 0 0 0 0 0 0 0 0 0 0 0 0 0 -0.0256525 -0.167045 -0.236721 -0.257296 -0.26056 -0.25726 -0.236583 -0.166937 -0.0256458 0 0 0 0 0 0 0 0 0 0 0 0 0 0 0 0 0 0 0 0 0 0 0 0 0 0 0 0 0 0 0 0.0291846 0.194408 0.289889 0.329635 0.339726 0.329658 0.289875 0.194363 0.0291731 0 0 0 0 0 0 0 0 0 0 0 -0.0012553 -0.00983432 -0.0176432 -0.0220661 -0.0233602 -0.0220541 -0.017639 -0.00984481 -0.00124378 0 0 0 0 0 0 0 0 0 0 0 0 0 0 0 0 
0 0 0 0 0 0 0 0 0 0 0 0 0 0 0 -0.025004 -0.162644 -0.230189 -0.250034 -0.253162 -0.25 -0.230057 -0.162539 -0.0249975 0 0 0 0 0 0 0 0 0 0 0 0 0 0 0 0 0 0 0 0 0 0 0 0 0 0 0 0 0 0 0 0.0284488 0.189293 0.281895 0.320334 0.330081 0.320356 0.281881 0.189249 0.0284376 0 0 0 0 0 0 0 0 0 0 0 -0.00122553 -0.00958185 -0.0171591 -0.0214444 -0.0226975 -0.0214327 -0.017155 -0.00959205 -0.00121428 0 0 0 0 0 0 0 0 0 0 0 0 0 0 0 0 
0 0 0 0 0 0 0 0 0 0 0 0 0 0 0 -0.0230921 -0.149736 -0.211136 -0.228908 -0.231652 -0.228877 -0.211017 -0.14964 -0.0230861 0 0 0 0 0 0 0 0 0 0 0 0 0 0 0 0 0 0 0 0 0 0 0 0 0 0 0 0 0 0 0 0.0262788 0.174288 0.258573 0.293273 0.302038 0.293293 0.258561 0.174248 0.0262684 0 0 0 0 0 0 0 0 0 0 0 -0.00113705 -0.00883901 -0.0157462 -0.0196351 -0.0207706 -0.0196246 -0.0157425 -0.00884834 -0.00112662 0 0 0 0 0 0 0 0 0 0 0 0 0 0 0 0 
0 0 0 0 0 0 0 0 0 0 0 0 0 0 0 -0.0199465 -0.1287 -0.180412 -0.195012 -0.197188 -0.194988 -0.180313 -0.128618 -0.0199413 0 0 0 0 0 0 0 0 0 0 0 0 0 0 0 0 0 0 0 0 0 0 0 0 0 0 0 0 0 0 0 0.0227063 0.149828 0.220961 0.249855 0.257106 0.249871 0.220951 0.149794 0.0226974 0 0 0 0 0 0 0 0 0 0 0 -0.000989285 -0.00762132 -0.0134649 -0.0167314 -0.0176827 -0.0167225 -0.0134618 -0.00762927 -0.000980211 0 0 0 0 0 0 0 0 0 0 0 0 0 0 0 0 
0 0 0 0 0 0 0 0 0 0 0 0 0 0 0 -0.015704 -0.100692 -0.140093 -0.150846 -0.152369 -0.150829 -0.140019 -0.100629 -0.0156999 0 0 0 0 0 0 0 0 0 0 0 0 0 0 0 0 0 0 0 0 0 0 0 0 0 0 0 0 0 0 0 0.0178842 0.117248 0.171595 0.193277 0.19867 0.193289 0.171588 0.117221 0.0178771 0 0 0 0 0 0 0 0 0 0 0 -0.000786002 -0.00598697 -0.0104659 -0.0129459 -0.0136658 -0.0129392 -0.0104635 -0.00599311 -0.000778796 0 0 0 0 0 0 0 0 0 0 0 0 0 0 0 0 
0 0 0 0 0 0 0 0 0 0 0 0 0 0 0 -0.0105675 -0.0672804 -0.09281 -0.0994919 -0.100374 -0.0994816 -0.0927629 -0.067239 -0.0105648 0 0 0 0 0 0 0 0 0 0 0 0 0 0 0 0 0 0 0 0 0 0 0 0 0 0 0 0 0 0 0 0.0120402 0.0783626 0.113691 0.127483 0.130878 0.127491 0.113687 0.0783451 0.0120355 0 0 0 0 0 0 0 0 0 0 0 -0.000534333 -0.00401888 -0.00694136 -0.00854148 -0.00900412 -0.00853716 -0.00693981 -0.00402293 -0.000529438 0 0 0 0 0 0 0 0 0 0 0 0 0 0 0 0 
0 0 0 0 0 0 0 0 0 0 0 0 0 0 0 -0.00486998 -0.0307819 -0.0420864 -0.0449075 -0.045248 -0.0449034 -0.0420661 -0.0307632 -0.00486871 0 0 0 0 0 0 0 0 0 0 0 0 0 0 0 0 0 0 0 0 0 0 0 0 0 0 0 0 0 0 0 0.00555134 0.0358616 0.0515611 0.0575451 0.059 0.0575483 0.051559 0.0358537 0.00554915 0 0 0 0 0 0 0 0 0 0 0 -0.000248813 -0.00184754 -0.00315144 -0.00385676 -0.00405982 -0.00385486 -0.00315076 -0.00184936 -0.000246535 0 0 0 0 0 0 0 0 0 0 0 0 0 0 0 0 
0 0 0 0 0 0 0 0 0 0 0 0 0 0 0 0 0 0 0 0 0 0 0 0 0 0 0 0 0 0 0 0 0 0 0 0 0 0 0 0 0 0 0 0 0 0 0 0 0 0 0 0 0 0 0 0 0 0 0 0 0 0 0 0 0 0 0 0 0 0 0 0 0 0 0 0 0 0 0 0 0 0 0 0 0 0 0 0 0 0 0 0 0 0 0 0 0 0 0 0 
0 0 0 0 0 0 0 0 0 0 0 0 0 0 0 0 0 0 0 0 0 0 0 0 0 0 0 0 0 0 0 0 0 0 0 0 0 0 0 0 0 0 0 0 0 0 0 0 0 0 0 0 0 0 0 0 0 0 0 0 0 0 0 0 0 0 0 0 0 0 0 0 0 0 0 0 0 0 0 0 0 0 0 0 0 0 0 0 0 0 0 0 0 0 0 0 0 0 0 0 
0 0 0 0 0 0 0 0 0 0 0 0 0 0 0 0 0 0 0 0 0 0 0 0 0 0 0 0 0 0 0 0 0 0 0 0 0 0 0 0 0 0 0 0 0 0 0 0 0 0 0 0 0 0 0 0 0 0 0 0 0 0 0 0 0 0 0 0 0 0 0 0 0 0 0 0 0 0 0 0 0 0 0 0 0 0 0 0 0 0 0 0 0 0 0 0 0 0 0 0 
0 0 0 0 0 0 0 0 0 0 0 0 0 0 0 0 0 0 0 0 0 0 0 0 0 0 0 0 0 0 0 0 0 0 0 0 0 0 0 0 0 0 0 0 0 0 0 0 0 0 0 0 0 0 0 0 0 0 0 0 0 0 0 0 0 0 0 0 0 0 0 0 0 0 0 0 0 0 0 0 0 0 0 0 0 0 0 0 0 0 0 0 0 0 0 0 0 0 0 0 
0 0 0 0 0 0 0 0 0 0 0 0 0 0 0 0 0 0 0 0 0 0 0 0 0 0 0 0 0 0 0 0 0 0 0 0 0 0 0 0 0 0 0 0 0 0 0 0 0 0 0 0 0 0 0 0 0 0 0 0 0 0 0 0 0 0 0 0 0 0 0 0 0 0 0 0 0 0 0 0 0 0 0 0 0 0 0 0 0 0 0 0 0 0 0 0 0 0 0 0 
0 0 0 0 0 0 0 0 0 0 0 0 0 0 0 0 0 0 0 0 0 0 0 0 0 0 0 0 0 0 0 0 0 0 0 0 0 0 0 0 0 0 0 0 0 0 0 0 0 0 0 0 0 0 0 0 0 0 0 0 0 0 0 0 0 0 0 0 0 0 0 0 0 0 0 0 0 0 0 0 0 0 0 0 0 0 0 0 0 0 0 0 0 0 0 0 0 0 0 0 
0 0 0 0 0 0 0 0 0 0 0 0 0 0 0 -0.00469335 -0.0281048 -0.0348793 -0.0343774 -0.0336564 -0.0343826 -0.0348745 -0.0280903 -0.00469212 0 0 0 0 0 0 0 0 0 0 0 0 0 0 0 0 0 0 0 0 0 0 0 0 0 0 0 0 0 0 0 -0.000404713 -0.00455246 -0.0110389 -0.0159862 -0.0176827 -0.0159897 -0.0110375 -0.00455043 -0.000404549 0 0 0 0 0 0 0 0 0 0 0 0.00553113 0.0358121 0.0515647 0.0575704 0.0590385 0.0575561 0.0515581 0.0358394 0.0054808 0 0 0 0 0 0 0 0 0 0 0 0 0 0 0 0 
0 0 0 0 0 0 0 0 0 0 0 0 0 0 0 -0.0102023 -0.0614519 -0.0768461 -0.0760602 -0.0745539 -0.0760709 -0.0768338 -0.0614195 -0.0101996 0 0 0 0 0 0 0 0 0 0 0 0 0 0 0 0 0 0 0 0 0 0 0 0 0 0 0 0 0 0 0 -0.000834946 -0.00978618 -0.0242383 -0.0353356 -0.0391471 -0.0353435 -0.0242353 -0.00978172 -0.000834606 0 0 0 0 0 0 0 0 0 0 0 0.0119777 0.0781297 0.113518 0.127336 0.130756 0.127303 0.113503 0.0781903 0.0118687 0 0 0 0 0 0 0 0 0 0 0 0 0 0 0 0 
0 0 0 0 0 0 0 0 0 0 0 0 0 0 0 -0.0152276 -0.0922474 -0.116208 -0.115486 -0.113329 -0.115501 -0.116187 -0.0921981 -0.0152237 0 0 0 0 0 0 0 0 0 0 0 0 0 0 0 0 0 0 0 0 0 0 0 0 0 0 0 0 0 0 0 -0.00118161 -0.0144497 -0.0365361 -0.0536037 -0.0594751 -0.0536159 -0.0365314 -0.0144429 -0.00118112 0 0 0 0 0 0 0 0 0 0 0 0.0178118 0.117033 0.171536 0.193287 0.198727 0.193234 0.171513 0.117125 0.0176496 0 0 0 0 0 0 0 0 0 0 0 0 0 0 0 0 
0 0 0 0 0 0 0 0 0 0 0 0 0 0 0 -0.019391 -0.118065 -0.149692 -0.149288 -0.146644 -0.149306 -0.149662 -0.118001 -0.019386 0 0 0 0 0 0 0 0 0 0 0 0 0 0 0 0 0 0 0 0 0 0 0 0 0 0 0 0 0 0 0 -0.00143277 -0.0182273 -0.0469346 -0.06924 -0.0769239 -0.0692559 -0.0469284 -0.0182185 -0.00143218 0 0 0 0 0 0 0 0 0 0 0 0.0226084 0.149511 0.220823 0.249799 0.25711 0.249729 0.220792 0.14963 0.0224025 0 0 0 0 0 0 0 0 0 0 0 0 0 0 0 0 
0 0 0 0 0 0 0 0 0 0 0 0 0 0 0 -0.0224789 -0.137409 -0.175093 -0.175095 -0.172127 -0.175115 -0.175055 -0.137333 -0.022473 0 0 0 0 0 0 0 0 0 0 0 0 0 0 0 0 0 0 0 0 0 0 0 0 0 0 0 0 0 0 0 -0.00159627 -0.0209754 -0.0547839 -0.0811628 -0.0902599 -0.0811817 -0.0547766 -0.0209651 -0.00159562 0 0 0 0 0 0 0 0 0 0 0 0.0261428 0.17376 0.258169 0.292929 0.301756 0.292844 0.258132 0.1739 0.0259046 0 0 0 0 0 0 0 0 0 0 0 0 0 0 0 0 
0 0 0 0 0 0 0 0 0 0 0 0 0 0 0 -0.0243972 -0.149517 -0.191136 -0.191472 -0.188318 -0.191493 -0.191093 -0.149435 -0.0243908 0 0 0 0 0 0 0 0 0 0 0 0 0 0 0 0 0 0 0 0 0 0 0 0 0 0 0 0 0 0 0 -0.00168747 -0.0226584 -0.0597243 -0.0887216 -0.0987288 -0.0887424 -0.0597164 -0.0226472 -0.00168677 0 0 0 0 0 0 0 0 0 0 0 0.028328 0.188901 0.281738 0.32029 0.330118 0.320196 0.281698 0.189054 0.0280699 0 0 0 0 0 0 0 0 0 0 0 0 0 0 0 0 
0 0 0 0 0 0 0 0 0 0 0 0 0 0 0 -0.0250411 -0.153598 -0.196569 -0.197031 -0.193817 -0.197052 -0.196524 -0.153513 -0.0250346 0 0 0 0 0 0 0 0 0 0 0 0 0 0 0 0 0 0 0 0 0 0 0 0 0 0 0 0 0 0 0 -0.00171622 -0.023219 -0.0613943 -0.0912864 -0.101605 -0.0913078 -0.0613861 -0.0232075 -0.00171552 0 0 0 0 0 0 0 0 0 0 0 0.0290596 0.193996 0.289716 0.329577 0.339752 0.329479 0.289674 0.194154 0.0287948 0 0 0 0 0 0 0 0 0 0 0 0 0 0 0 0 
0 0 0 0 0 0 0 0 0 0 0 0 0 0 0 -0.0243941 -0.149498 -0.19111 -0.191445 -0.188291 -0.191466 -0.191067 -0.149415 -0.0243878 0 0 0 0 0 0 0 0 0 0 0 0 0 0 0 0 0 0 0 0 0 0 0 0 0 0 0 0 0 0 0 -0.00168733 -0.0226557 -0.0597163 -0.0887094 -0.0987151 -0.0887302 -0.0597084 -0.0226445 -0.00168663 0 0 0 0 0 0 0 0 0 0 0 0.0283245 0.188876 0.2817 0.320246 0.330073 0.320151 0.28166 0.189029 0.0280664 0 0 0 0 0 0 0 0 0 0 0 0 0 0 0 0 
0 0 0 0 0 0 0 0 0 0 0 0 0 0 0 -0.0225009 -0.137547 -0.175275 -0.175281 -0.172311 -0.175301 -0.175238 -0.137472 -0.022495 0 0 0 0 0 0 0 0 0 0 0 0 0 0 0 0 0 0 0 0 0 0 0 0 0 0 0 0 0 0 0 -0.00159736 -0.0209948 -0.0548402 -0.0812487 -0.0903562 -0.0812677 -0.054833 -0.0209845 -0.00159671 0 0 0 0 0 0 0 0 0 0 0 0.0261679 0.173933 0.258438 0.29324 0.302078 0.293155 0.258401 0.174073 0.0259295 0 0 0 0 0 0 0 0 0 0 0 0 0 0 0 0 
0 0 0 0 0 0 0 0 0 0 0 0 0 0 0 -0.0193889 -0.118051 -0.149675 -0.14927 -0.146627 -0.149288 -0.149645 -0.117987 -0.0193838 0 0 0 0 0 0 0 0 0 0 0 0 0 0 0 0 0 0 0 0 0 0 0 0 0 0 0 0 0 0 0 -0.00143265 -0.0182253 -0.0469291 -0.0692317 -0.0769147 -0.0692477 -0.046923 -0.0182166 -0.00143206 0 0 0 0 0 0 0 0 0 0 0 0.0226059 0.149494 0.220797 0.249769 0.257079 0.249699 0.220766 0.149613 0.0224001 0 0 0 0 0 0 0 0 0 0 0 0 0 0 0 0 
0 0 0 0 0 0 0 0 0 0 0 0 0 0 0 -0.0152185 -0.0921909 -0.116135 -0.115413 -0.113257 -0.115428 -0.116114 -0.0921416 -0.0152145 0 0 0 0 0 0 0 0 0 0 0 0 0 0 0 0 0 0 0 0 0 0 0 0 0 0 0 0 0 0 0 -0.00118102 -0.0144413 -0.0365135 -0.0535698 -0.0594373 -0.053582 -0.0365088 -0.0144345 -0.00118054 0 0 0 0 0 0 0 0 0 0 0 0.0178012 0.116962 0.171429 0.193164 0.198601 0.193112 0.171406 0.117054 0.0176391 0 0 0 0 0 0 0 0 0 0 0 0 0 0 0 0 
0 0 0 0 0 0 0 0 0 0 0 0 0 0 0 -0.0102128 -0.0615158 -0.0769272 -0.0761411 -0.0746334 -0.0761518 -0.0769148 -0.0614834 -0.0102101 0 0 0 0 0 0 0 0 0 0 0 0 0 0 0 0 0 0 0 0 0 0 0 0 0 0 0 0 0 0 0 -0.000835717 -0.00979603 -0.0242637 -0.0353731 -0.0391888 -0.035381 -0.0242607 -0.00979156 -0.000835377 0 0 0 0 0 0 0 0 0 0 0 0.01199 0.0782106 0.113638 0.127472 0.130895 0.127438 0.113623 0.0782713 0.0118808 0 0 0 0 0 0 0 0 0 0 0 0 0 0 0 0 
0 0 0 0 0 0 0 0 0 0 0 0 0 0 0 -0.0046802 -0.0280257 -0.0347805 -0.0342797 -0.0335606 -0.0342849 -0.0347757 -0.0280112 -0.00467898 0 0 0 0 0 0 0 0 0 0 0 0 0 0 0 0 0 0 0 0 0 0 0 0 0 0 0 0 0 0 0 -0.000403627 -0.00453982 -0.0110077 -0.0159408 -0.0176324 -0.0159443 -0.0110063 -0.0045378 -0.000403463 0 0 0 0 0 0 0 0 0 0 0 0.00551568 0.0357115 0.0514187 0.0574068 0.0588705 0.0573925 0.0514122 0.0357387 0.00546549 0 0 0 0 0 0 0 0 0 0 0 0 0 0 0 0 
0 0 0 0 0 0 0 0 0 0 0 0 0 0 0 0 0 0 0 0 0 0 0 0 0 0 0 0 0 0 0 0 0 0 0 0 0 0 0 0 0 0 0 0 0 0 0 0 0 0 0 0 0 0 0 0 0 0 0 0 0 0 0 0 0 0 0 0 0 0 0 0 0 0 0 0 0 0 0 0 0 0 0 0 0 0 0 0 0 0 0 0 0 0 0 0 0 0 0 0 
0 0 0 0 0 0 0 0 0 0 0 0 0 0 0 0 0 0 0 0 0 0 0 0 0 0 0 0 0 0 0 0 0 0 0 0 0 0 0 0 0 0 0 0 0 0 0 0 0 0 0 0 0 0 0 0 0 0 0 0 0 0 0 0 0 0 0 0 0 0 0 0 0 0 0 0 0 0 0 0 0 0 0 0 0 0 0 0 0 0 0 0 0 0 0 0 0 0 0 0 
0 0 0 0 0 0 0 0 0 0 0 0 0 0 0 0 0 0 0 0 0 0 0 0 0 0 0 0 0 0 0 0 0 0 0 0 0 0 0 0 0 0 0 0 0 0 0 0 0 0 0 0 0 0 0 0 0 0 0 0 0 0 0 0 0 0 0 0 0 0 0 0 0 0 0 0 0 0 0 0 0 0 0 0 0 0 0 0 0 0 0 0 0 0 0 0 0 0 0 0 
0 0 0 0 0 0 0 0 0 0 0 0 0 0 0 0 0 0 0 0 0 0 0 0 0 0 0 0 0 0 0 0 0 0 0 0 0 0 0 0 0 0 0 0 0 0 0 0 0 0 0 0 0 0 0 0 0 0 0 0 0 0 0 0 0 0 0 0 0 0 0 0 0 0 0 0 0 0 0 0 0 0 0 0 0 0 0 0 0 0 0 0 0 0 0 0 0 0 0 0 
0 0 0 0 0 0 0 0 0 0 0 0 0 0 0 0 0 0 0 0 0 0 0 0 0 0 0 0 0 0 0 0 0 0 0 0 0 0 0 0 0 0 0 0 0 0 0 0 0 0 0 0 0 0 0 0 0 0 0 0 0 0 0 0 0 0 0 0 0 0 0 0 0 0 0 0 0 0 0 0 0 0 0 0 0 0 0 0 0 0 0 0 0 0 0 0 0 0 0 0 
0 0 0 0 0 0 0 0 0 0 0 0 0 0 0 0 0 0 0 0 0 0 0 0 0 0 0 0 0 0 0 0 0 0 0 0 0 0 0 0 0 0 0 0 0 0 0 0 0 0 0 0 0 0 0 0 0 0 0 0 0 0 0 0 0 0 0 0 0 0 0 0 0 0 0 0 0 0 0 0 0 0 0 0 0 0 0 0 0 0 0 0 0 0 0 0 0 0 0 0 
0 0 0 0 0 0 0 0 0 0 0 0 0 0 0 0 0 0 0 0 0 0 0 0 0 0 0 0 0 0 0 0 0 0 0 0 0 0 0 0 0 0 0 0 0 0 0 0 0 0 0 0 0 0 0 0 0 0 0 0 0 0 0 0 0 0 0 0 0 0 0 0 0 0 0 0 0 0 0 0 0 0 0 0 0 0 0 0 0 0 0 0 0 0 0 0 0 0 0 0 
0 0 0 0 0 0 0 0 0 0 0 0 0 0 0 0 0 0 0 0 0 0 0 0 0 0 0 0 0 0 0 0 0 0 0 0 0 0 0 0 0 0 0 0 0 0 0 0 0 0 0 0 0 0 0 0 0 0 0 0 0 0 0 0 0 0 0 0 0 0 0 0 0 0 0 0 0 0 0 0 0 0 0 0 0 0 0 0 0 0 0 0 0 0 0 0 0 0 0 0 
0 0 0 0 0 0 0 0 0 0 0 0 0 0 0 0 0 0 0 0 0 0 0 0 0 0 0 0 0 0 0 0 0 0 0 0 0 0 0 0 0 0 0 0 0 0 0 0 0 0 0 0 0 0 0 0 0 0 0 0 0 0 0 0 0 0 0 0 0 0 0 0 0 0 0 0 0 0 0 0 0 0 0 0 0 0 0 0 0 0 0 0 0 0 0 0 0 0 0 0 
0 0 0 0 0 0 0 0 0 0 0 0 0 0 0 0 0 0 0 0 0 0 0 0 0 0 0 0 0 0 0 0 0 0 0 0 0 0 0 0 0 0 0 0 0 0 0 0 0 0 0 0 0 0 0 0 0 0 0 0 0 0 0 0 0 0 0 0 0 0 0 0 0 0 0 0 0 0 0 0 0 0 0 0 0 0 0 0 0 0 0 0 0 0 0 0 0 0 0 0 
0 0 0 0 0 0 0 0 0 0 0 0 0 0 0 0 0 0 0 0 0 0 0 0 0 0 0 0 0 0 0 0 0 0 0 0 0 0 0 0 0 0 0 0 0 0 0 0 0 0 0 0 0 0 0 0 0 0 0 0 0 0 0 0 0 0 0 0 0 0 0 0 0 0 0 0 0 0 0 0 0 0 0 0 0 0 0 0 0 0 0 0 0 0 0 0 0 0 0 0 
0 0 0 0 0 0 0 0 0 0 0 0 0 0 0 0 0 0 0 0 0 0 0 0 0 0 0 0 0 0 0 0 0 0 0 0 0 0 0 0 0 0 0 0 0 0 0 0 0 0 0 0 0 0 0 0 0 0 0 0 0 0 0 0 0 0 0 0 0 0 0 0 0 0 0 0 0 0 0 0 0 0 0 0 0 0 0 0 0 0 0 0 0 0 0 0 0 0 0 0 
0 0 0 0 0 0 0 0 0 0 0 0 0 0 0 0 0 0 0 0 0 0 0 0 0 0 0 0 0 0 0 0 0 0 0 0 0 0 0 0 0 0 0 0 0 0 0 0 0 0 0 0 0 0 0 0 0 0 0 0 0 0 0 0 0 0 0 0 0 0 0 0 0 0 0 0 0 0 0 0 0 0 0 0 0 0 0 0 0 0 0 0 0 0 0 0 0 0 0 0 
0 0 0 0 0 0 0 0 0 0 0 0 0 0 0 0 0 0 0 0 0 0 0 0 0 0 0 0 0 0 0 0 0 0 0 0 0 0 0 0 0 0 0 0 0 0 0 0 0 0 0 0 0 0 0 0 0 0 0 0 0 0 0 0 0 0 0 0 0 0 0 0 0 0 0 0 0 0 0 0 0 0 0 0 0 0 0 0 0 0 0 0 0 0 0 0 0 0 0 0 
0 0 0 0 0 0 0 0 0 0 0 0 0 0 0 0 0 0 0 0 0 0 0 0 0 0 0 0 0 0 0 0 0 0 0 0 0 0 0 0 0 0 0 0 0 0 0 0 0 0 0 0 0 0 0 0 0 0 0 0 0 0 0 0 0 0 0 0 0 0 0 0 0 0 0 0 0 0 0 0 0 0 0 0 0 0 0 0 0 0 0 0 0 0 0 0 0 0 0 0 
0 0 0 0 0 0 0 0 0 0 0 0 0 0 0 0 0 0 0 0 0 0 0 0 0 0 0 0 0 0 0 0 0 0 0 0 0 0 0 0 0 0 0 0 0 0 0 0 0 0 0 0 0 0 0 0 0 0 0 0 0 0 0 0 0 0 0 0 0 0 0 0 0 0 0 0 0 0 0 0 0 0 0 0 0 0 0 0 0 0 0 0 0 0 0 0 0 0 0 0 
0 0 0 0 0 0 0 0 0 0 0 0 0 0 0 0 0 0 0 0 0 0 0 0 0 0 0 0 0 0 0 0 0 0 0 0 0 0 0 0 0 0 0 0 0 0 0 0 0 0 0 0 0 0 0 0 0 0 0 0 0 0 0 0 0 0 0 0 0 0 0 0 0 0 0 0 0 0 0 0 0 0 0 0 0 0 0 0 0 0 0 0 0 0 0 0 0 0 0 0 
0 0 0 0 0 0 0 0 0 0 0 0 0 0 0 0 0 0 0 0 0 0 0 0 0 0 0 0 0 0 0 0 0 0 0 0 0 0 0 0 0 0 0 0 0 0 0 0 0 0 0 0 0 0 0 0 0 0 0 0 0 0 0 0 0 0 0 0 0 0 0 0 0 0 0 0 0 0 0 0 0 0 0 0 0 0 0 0 0 0 0 0 0 0 0 0 0 0 0 0 
0 0 0 0 0 0 0 0 0 0 0 0 0 0 0 0 0 0 0 0 0 0 0 0 0 0 0 0 0 0 0 0 0 0 0 0 0 0 0 0 0 0 0 0 0 0 0 0 0 0 0 0 0 0 0 0 0 0 0 0 0 0 0 0 0 0 0 0 0 0 0 0 0 0 0 0 0 0 0 0 0 0 0 0 0 0 0 0 0 0 0 0 0 0 0 0 0 0 0 0 
0 0 0 0 0 0 0 0 0 0 0 0 0 0 0 0 0 0 0 0 0 0 0 0 0 0 0 0 0 0 0 0 0 0 0 0 0 0 0 0 0 0 0 0 0 0 0 0 0 0 0 0 0 0 0 0 0 0 0 0 0 0 0 0 0 0 0 0 0 0 0 0 0 0 0 0 0 0 0 0 0 0 0 0 0 0 0 0 0 0 0 0 0 0 0 0 0 0 0 0 
0 0 0 0 0 0 0 0 0 0 0 0 0 0 0 0 0 0 0 0 0 0 0 0 0 0 0 0 0 0 0 0 0 0 0 0 0 0 0 0 0 0 0 0 0 0 0 0 0 0 0 0 0 0 0 0 0 0 0 0 0 0 0 0 0 0 0 0 0 0 0 0 0 0 0 0 0 0 0 0 0 0 0 0 0 0 0 0 0 0 0 0 0 0 0 0 0 0 0 0 
0 0 0 0 0 0 0 0 0 0 0 0 0 0 0 0 0 0 0 0 0 0 0 0 0 0 0 0 0 0 0 0 0 0 0 0 0 0 0 0 0 0 0 0 0 0 0 0 0 0 0 0 0 0 0 0 0 0 0 0 0 0 0 0 0 0 0 0 0 0 0 0 0 0 0 0 0 0 0 0 0 0 0 0 0 0 0 0 0 0 0 0 0 0 0 0 0 0 0 0 
0 0 0 0 0 0 0 0 0 0 0 0 0 0 0 0 0 0 0 0 0 0 0 0 0 0 0 0 0 0 0 0 0 0 0 0 0 0 0 0 0 0 0 0 0 0 0 0 0 0 0 0 0 0 0 0 0 0 0 0 0 0 0 0 0 0 0 0 0 0 0 0 0 0 0 0 0 0 0 0 0 0 0 0 0 0 0 0 0 0 0 0 0 0 0 0 0 0 0 0 
0 0 0 0 0 0 0 0 0 0 0 0 0 0 0 0.00421901 0.025975 0.0343215 0.0360005 0.0361292 0.0359985 0.0343082 0.0259603 0.00421791 0 0 0 0 0 0 0 0 0 0 0 0 0 0 0 0 0 0 0 0 0 0 0 0 0 0 0 0 0 0 0 -0.00174785 -0.0105811 -0.0135745 -0.0138178 -0.0136985 -0.0138177 -0.0135742 -0.0105792 -0.00174716 0 0 0 0 0 0 0 0 0 0 0 -0.00180956 -0.0115825 -0.0163777 -0.0180496 -0.0184278 -0.0180458 -0.0163758 -0.0115911 -0.0017931 0 0 0 0 0 0 0 0 0 0 0 0 0 0 0 0 
0 0 0 0 0 0 0 0 0 0 0 0 0 0 0 0.0106229 0.0661207 0.0889837 0.0946956 0.0955316 0.0946864 0.0889436 0.0660821 0.0106201 0 0 0 0 0 0 0 0 0 0 0 0 0 0 0 0 0 0 0 0 0 0 0 0 0 0 0 0 0 0 0 -0.0038936 -0.0237502 -0.0307231 -0.0313692 -0.0311123 -0.0313689 -0.0307225 -0.0237457 -0.00389207 0 0 0 0 0 0 0 0 0 0 0 -0.00403463 -0.0260943 -0.0373207 -0.041319 -0.042223 -0.04131 -0.0373162 -0.0261141 -0.00399793 0 0 0 0 0 0 0 0 0 0 0 0 0 0 0 0 
0 0 0 0 0 0 0 0 0 0 0 0 0 0 0 0.00894225 0.057094 0.0805628 0.0892709 0.0914188 0.0892509 0.0805126 0.0570582 0.00893991 0 0 0 0 0 0 0 0 0 0 0 0 0 0 0 0 0 0 0 0 0 0 0 0 0 0 0 0 0 0 0 -0.00177255 -0.0109376 -0.0142001 -0.0143579 -0.0141546 -0.0143576 -0.0141999 -0.0109355 -0.00177185 0 0 0 0 0 0 0 0 0 0 0 -0.001847 -0.0121941 -0.0176831 -0.0194997 -0.0198437 -0.019496 -0.0176809 -0.0122037 -0.00183018 0 0 0 0 0 0 0 0 0 0 0 0 0 0 0 0 
0 0 0 0 0 0 0 0 0 0 0 0 0 0 0 0.00774113 0.0508171 0.0755306 0.0873766 0.0908739 0.0873455 0.0754695 0.050783 0.0077391 0 0 0 0 0 0 0 0 0 0 0 0 0 0 0 0 0 0 0 0 0 0 0 0 0 0 0 0 0 0 0 -3.18214e-05 -3.54012e-05 0.000543276 0.00123809 0.001517 0.00123865 0.00054311 -3.55017e-05 -3.18092e-05 0 0 0 0 0 0 0 0 0 0 0 -7.59836e-05 -0.000440338 -0.000143961 0.000575829 0.000924718 0.000572962 -0.000144397 -0.000440469 -7.52918e-05 0 0 0 0 0 0 0 0 0 0 0 0 0 0 0 0 
0 0 0 0 0 0 0 0 0 0 0 0 0 0 0 0.00718657 0.0484885 0.0756855 0.0909374 0.0958165 0.0908948 0.0756115 0.0484537 0.00718468 0 0 0 0 0 0 0 0 0 0 0 0 0 0 0 0 0 0 0 0 0 0 0 0 0 0 0 0 0 0 0 0.00117966 0.00790088 0.0118826 0.0135972 0.0140443 0.0135982 0.0118821 0.00789901 0.00117919 0 0 0 0 0 0 0 0 0 0 0 0.00115879 0.00822638 0.0136608 0.0169246 0.018005 0.0169149 0.0136578 0.00823402 0.0011482 0 0 0 0 0 0 0 0 0 0 0 0 0 0 0 0 
0 0 0 0 0 0 0 0 0 0 0 0 0 0 0 0.00717583 0.0496284 0.0805784 0.0994994 0.105772 0.0994451 0.0804893 0.0495909 0.00717395 0 0 0 0 0 0 0 0 0 0 0 0 0 0 0 0 0 0 0 0 0 0 0 0 0 0 0 0 0 0 0 0.00191328 0.0130218 0.01975 0.0225096 0.0231812 0.0225111 0.019749 0.0130186 0.00191252 0 0 0 0 0 0 0 0 0 0 0 0.00188365 0.0137171 0.0231403 0.0286105 0.0303558 0.0285948 0.0231352 0.0137303 0.00186642 0 0 0 0 0 0 0 0 0 0 0 0 0 0 0 0 
0 0 0 0 0 0 0 0 0 0 0 0 0 0 0 0.00759384 0.0536333 0.0895118 0.112293 0.119929 0.112227 0.0894058 0.0535912 0.00759185 0 0 0 0 0 0 0 0 0 0 0 0 0 0 0 0 0 0 0 0 0 0 0 0 0 0 0 0 0 0 0 0.00221288 0.0153562 0.0237454 0.0272779 0.0281428 0.0272798 0.0237442 0.0153524 0.002212 0 0 0 0 0 0 0 0 0 0 0 0.00220085 0.0164525 0.028454 0.0355317 0.037787 0.0355113 0.0284475 0.0164689 0.00218069 0 0 0 0 0 0 0 0 0 0 0 0 0 0 0 0 
0 0 0 0 0 0 0 0 0 0 0 0 0 0 0 0.00827179 0.0593908 0.100801 0.127325 0.136198 0.127248 0.100678 0.0593428 0.00826961 0 0 0 0 0 0 0 0 0 0 0 0 0 0 0 0 0 0 0 0 0 0 0 0 0 0 0 0 0 0 0 0.00221771 0.0156721 0.0247353 0.028726 0.0297323 0.0287283 0.0247339 0.0156681 0.00221683 0 0 0 0 0 0 0 0 0 0 0 0.00220939 0.0168836 0.0298851 0.0377604 0.0402954 0.0377375 0.0298779 0.0169011 0.00218914 0 0 0 0 0 0 0 0 0 0 0 0 0 0 0 0 
0 0 0 0 0 0 0 0 0 0 0 0 0 0 0 0.00909828 0.0660557 0.112976 0.142756 0.152624 0.142671 0.112836 0.0660016 0.00909589 0 0 0 0 0 0 0 0 0 0 0 0 0 0 0 0 0 0 0 0 0 0 0 0 0 0 0 0 0 0 0 0.00200403 0.0143509 0.0230424 0.0270562 0.0281061 0.0270585 0.0230411 0.014347 0.00200324 0 0 0 0 0 0 0 0 0 0 0 0.00201683 0.0156472 0.0282178 0.0360691 0.0386377 0.036046 0.0282108 0.0156637 0.00199832 0 0 0 0 0 0 0 0 0 0 0 0 0 0 0 0 
0 0 0 0 0 0 0 0 0 0 0 0 0 0 0 0.0100246 0.0731172 0.124921 0.157084 0.167584 0.156993 0.124769 0.0730569 0.0100219 0 0 0 0 0 0 0 0 0 0 0 0 0 0 0 0 0 0 0 0 0 0 0 0 0 0 0 0 0 0 0 0.00163385 0.011799 0.0192464 0.022898 0.0239014 0.0229002 0.0192453 0.0117958 0.0016332 0 0 0 0 0 0 0 0 0 0 0 0.00166535 0.0130054 0.0237939 0.0308016 0.0331512 0.0307806 0.0237877 0.0130193 0.00165007 0 0 0 0 0 0 0 0 0 0 0 0 0 0 0 0 
